94
2 4
3 6
1 1
1000 1000
1000 999
2 4
3 6
1 1
1000 1000
1000 999
2 4
3 6
1 1
1000 1000
1000 999
2 4
3 6
1 1
1000 1000
1000 999
2 4
3 6
1 1
1000 1000
1000 999
2 4
3 6
1 1
1000 1000
1000 999
2 4
3 6
1 1
1000 1000
1000 999
2 4
3 6
1 1
1000 1000
1000 999
2 4
3 6
1 1
1000 1000
1000 999
2 4
3 6
1 1
1000 1000
1000 999
2 4
3 6
1 1
1000 1000
1000 999
2 4
3 6
1 1
1000 1000
1000 999
2 4
3 6
1 1
1000 1000
1000 999
2 4
3 6
1 1
1000 1000
1000 999
2 4
3 6
1 1
1000 1000
1000 999
2 4
3 6
1 1
1000 1000
1000 999
2 4
3 6
1 1
1000 1000
1000 999
2 4
3 6
1 1
1000 1000
1000 9992 4
3 6
1 1
1000 1000
1000 999